65,52
65,51
65,50
65,49
65,48
65,47
65,46
65,45
65,44
65,43
65,42
65,41
65,40
65,39
65,38
65,37
65,36
65,35
63,5
63,4
63,3
63,2
63,1
63,0
62,5
62,4
62,3
62,2
62,1
62,0
61,5
61,4
61,3
61,2
61,1
61,0
55,4
55,3
55,2
55,1
55,0
54,5
54,4
54,3
54,2
54,1
54,0
53,5
53,4
53,3
53,2
53,1
53,0
50,3
50,2
50,1
50,0
20,3
20,2
20,1
19,3
19,2
19,1
18,3
18,1
17,3
17,2
17,1
16,3
16,2
16,1
15,3
15,2
15,1
14,3
14,1
13,3
13,1
12,3
12,2
12,1
11,3
11,2
11,1
10,3
10,2
10,1
9,3
9,2
9,1
8,3
8,2
8,1
3,3
3,2
3,1
2,3
2,2
2,1
0,273
